0
1
2
3
4
5
6
8
9
12
13
14
15
16
17
18
19
21
24
27
28
29
30
31
33
35
36
37
38
39
40
41
44
45
47
48
49
50
53
54
56
57
58
61
64
65
66
67
68
69
71
72
73
74
76
78
79
80
82
84
85
87
88
89
91
92
97
98
100
103
105
107
109
110
111
112
114
116
118
119
121
122
124
125
126
128
129
130
133
137
138
139
140
141
142
144
145
147
149
150
151
152
153
154
155
156
157
158
160
163
169
170
171
172
173
174
175
177
179
180
181
182
183
184
186
189
190
191
192
193
194
195
196
197
198
199
200
201
202
203
205
206
207
208
209
212
213
214
215
217
218
220
221
224
225
227
229
230
231
232
233
234
235
237
238
239
242
243
244
245
246
247
248
249
250
251
252
253
255
256
258
259
262
263
264
265
267
269
270
272
273
274
276
280
281
282
283
284
285
288
292
296
297
298
300
302
303
304
305
306
307
308
309
310
311
312
313
315
316
317
318
319
321
322
323
324
327
328
329
330
331
332
333
337
339
340
341
342
344
346
347
348
349
350
351
352
353
354
361
362
363
364
366
367
368
372
373
374
375
376
379
380
381
382
383
386
387
388
389
390
391
392
394
395
397
398
399
400
401
402
403
404
405
407
408
409
410
411
413
414
415
417
418
419
420
423
424
425
426
427
429
430
431
433
434
435
436
437
438
440
441
442
443
444
445
447
449
451
452
454
455
456
458
460
461
462
463
464
465
466
467
468
472
473
474
477
478
479
480
481
482
483
484
485
486
487
488
491
496
500
501
502
503
504
506
510
513
515
517
518
519
520
521
522
523
524
525
527
528
529
531
533
534
538
540
541
542
543
546
548
551
555
557
558
560
561
562
564
568
569
570
574
576
577
578
579
580
581
582
583
584
586
587
589
590
592
593
594
595
596
597
598
599
600
602
605
606
607
608
610
612
613
614
615
616
617
618
619
620
621
623
626
627
628
629
630
631
632
633
634
636
639
641
642
643
644
646
647
648
649
650
654
656
657
660
661
662
663
664
668
669
670
671
672
673
674
675
677
678
680
681
682
683
685
686
687
688
690
692
693
694
696
698
700
704
705
707
710
711
714
715
717
718
720
721
722
724
728
729
730
733
734
736
737
738
739
740
741
742
743
744
745
747
749
750
752
754
755
756
759
761
763
764
765
767
768
769
770
771
773
774
775
776
778
779
780
783
784
786
787
788
789
790
791
792
793
794
795
798
799
800
801
803
805
806
807
808
809
811
812
813
814
815
817
818
819
820
821
822
823
824
826
827
828
829
831
832
833
835
836
837
838
839
840
841
843
844
845
846
847
848
849
852
855
856
857
858
859
863
865
867
869
870
873
874
877
878
880
881
882
883
884
885
886
887
889
892
894
896
897
899
900
901
903
904
905
906
909
910
911
913
917
918
919
920
921
923
924
926
927
928
930
931
933
935
936
937
941
942
943
944
945
946
948
949
950
951
953
954
955
956
957
959
961
962
963
964
965
966
968
969
972
973
974
976
978
980
981
982
984
985
989
990
991
992
994
995
996
997
998
999
1001
1003
1004
1005
1007
1008
1009
1010
1011
1012
1015
1016
1017
1018
1023
1024
1025
1026
1027
1029
1030
1031
1032
1033
1034
1035
1037
1038
1040
1043
1044
1045
1047
1050
1051
1054
1056
1057
1058
1060
1061
1062
1063
1064
1066
1067
1068
1070
1072
1073
1074
1075
1076
1079
1080
1082
1083
1085
1086
1088
1090
1092
1093
1094
1097
1098
1101
1102
1105
1107
1108
1113
1116
1118
1119
1120
1121
1122
1123
1124
1126
1129
1130
1131
1132
1133
1134
1138
1139
1140
1143
1144
1145
1146
1147
1148
1149
1150
1151
1152
1153
1154
1155
1157
1158
1161
1162
1163
1164
1165
1166
1167
1169
1170
1172
1176
1177
1178
1185
1186
1187
1188
1191
1192
1193
1194
1196
1197
1198
1199
1200
1202
1203
1204
1207
1208
1210
1212
1214
1216
1217
1218
1220
1221
1222
1223
1224
1226
1227
1228
1229
1230
1231
1232
1233
1234
1235
1236
1237
1238
1241
1243
1244
1245
1247
1249
1251
1252
1253
1255
1256
1257
1258
1261
1262
1263
1264
1267
1269
1272
1274
1275
1276
1277
1279
1280
1283
1284
1285
1289
1290
1292
1294
1296
1299
1300
1301
1303
1304
1305
1306
1307
1308
1309
1311
1312
1313
1314
1315
1316
1318
1319
1321
1322
1323
1324
1326
1333
1334
1336
1337
1338
1339
1340
1342
1343
1344
1346
1347
1349
1350
1351
1352
1356
1357
1359
1360
1361
1363
1364
1365
1366
1369
1371
1372
1373
1374
1375
1377
1378
1379
1381
1382
1384
1385
1386
1387
1388
1390
1391
1392
1393
1394
1395
1396
1399
1400
1405
1406
1407
1408
1410
1411
1412
1413
1415
1417
1421
1422
1423
1424
1425
1428
1429
1430
1431
1433
1435
1437
1439
1441
1443
1444
1446
1447
1448
1450
1451
1452
1453
1456
1457
1458
1460
1461
1463
1464
1465
1466
1467
1468
1470
1471
1472
1473
1474
1478
1479
1480
1481
1482
1483
1484
1485
1486
1488
1490
1492
1493
1494
1495
1496
1498
1499
1500
